A continuación se muestran votos entre 3 millones y 7.5 millones que cumplen lo requerido.
Hay un total de 405. 
3007573 29.899995764891425
3017632 29.999998011686117
3027690 30.099990316911384
3037749 30.199992563706076
3047808 30.299994810500763
3057867 30.39999705729545
3067926 30.499999304090142
3077984 30.59999160931541
3088043 30.699993856110098
3108161 30.899998349699477
3118219 30.999990654924744
3128278 31.099992901719435
3138337 31.199995148514123
3148396 31.29999739530881
3158455 31.399999642103502
3168513 31.49999194732877
3178572 31.599994194123457
3188631 31.69999644091815
3208748 31.899990992938104
3218807 31.999993239732795
3228866 32.09999548652748
3238925 32.19999773332217
3248983 32.29999003854744
3248984 32.29999998011686
3259042 32.39999228534213
3269101 32.49999453213682
3279160 32.599996778931505
3289219 32.6999990257262
3309336 32.89999357774615
3319395 32.99999582454085
3329454 33.099998071335534
3339512 33.1999903765608
3349571 33.29999262335549
3359630 33.39999487015018
3369689 33.49999711694487
3379748 33.599999363739556
3389806 33.69999166896483
3409924 33.8999961625542
3419983 33.99999840934889
3430041 34.09999071457416
3440100 34.19999296136885
3450159 34.29999520816354
3460218 34.39999745495823
3470277 34.49999970175292
3480335 34.599992006978184
3490394 34.69999425377288
3510512 34.899998747362254
3520570 34.999991052587525
3530629 35.09999329938221
3540688 35.1999955461769
3550747 35.29999779297159
3560805 35.39999009819686
3570864 35.49999234499155
3580923 35.599994591786235
3590982 35.69999683858092
3611099 35.89999139060088
3621158 35.99999363739557
3631217 36.09999588419026
3641276 36.19999813098495
3651334 36.299990436210216
3661393 36.3999926830049
3671452 36.4999949297996
3681511 36.599997176594286
3691570 36.699999423388974
3711687 36.89999397540893
3721746 36.99999622220362
3731805 37.09999846899831
3741863 37.19999077422358
3751922 37.29999302101827
3761981 37.399995267812955
3772040 37.49999751460764
3782099 37.59999976140234
3792157 37.6999920666276
3812275 37.899996560216984
3822334 37.99999880701167
3832392 38.099991112236935
3842451 38.19999335903163
3852510 38.29999560582632
3862569 38.399997852621006
3872627 38.49999015784628
3882686 38.599992404640965
3892745 38.69999465143565
3912863 38.89999914502503
3922921 38.9999914502503
3932980 39.09999369704499
3943039 39.199995943839674
3953098 39.29999819063436
3963156 39.39999049585963
3973215 39.49999274265432
3983274 39.599994989449016
3993333 39.6999972362437
4013450 39.89999178826366
4023509 39.99999403505835
4033568 40.09999628185304
4043627 40.199998528647725
4053685 40.299990833873
4063744 40.399993080667684
4073803 40.49999532746237
4083862 40.59999757425706
4093921 40.69999982105175
4114038 40.899994373071706
4124097 40.999996619866394
4134156 41.09999886666109
4144214 41.19999117188635
4154273 41.29999341868104
4164332 41.399995665475736
4174391 41.49999791227042
4184449 41.599990217495694
4194508 41.69999246429038
4214626 41.89999695787976
4224685 41.999999204674445
4234743 42.099991509899716
4244802 42.199993756694404
4254861 42.29999600348909
4264920 42.39999825028378
4274978 42.49999055550905
4285037 42.59999280230374
4295096 42.699995049098426
4315214 42.89999954268781
4325272 42.99999184791307
4335331 43.09999409470777
4345390 43.199996341502455
4355449 43.29999858829714
4365507 43.399990893522414
4375566 43.4999931403171
4385625 43.59999538711179
4395684 43.69999763390648
4415801 43.899992185926436
4425860 43.999994432721124
4435919 44.09999667951581
4445978 44.1999989263105
4456036 44.29999123153577
4466095 44.39999347833046
4476154 44.499995725125146
4486213 44.59999797191984
4496271 44.699990277145105
4516389 44.89999477073449
4526448 44.999997017529175
4536507 45.09999926432386
4546565 45.199991569549134
4556624 45.29999381634382
4566683 45.39999606313851
4576742 45.4999983099332
4586800 45.59999061515847
4596859 45.699992861953156
4616977 45.89999735554253
4627036 45.999999602337226
4637094 46.09999190756249
4647153 46.19999415435718
4657212 46.29999640115187
4667271 46.39999864794656
4677329 46.499990953171825
4687388 46.59999319996652
4697447 46.69999544676121
4717565 46.89999994035058
4727623 46.999992245575854
4737682 47.09999449237054
4747741 47.19999673916523
4757800 47.29999898595992
4767858 47.39999129118519
4777917 47.499993537979876
4787976 47.59999578477456
4798035 47.69999803156926
4818152 47.89999258358921
4828211 47.999994830383905
4838270 48.09999707717859
4848329 48.19999932397328
4858387 48.29999162919855
4868446 48.39999387599324
4878505 48.49999612278793
4888564 48.599998369582615
4898622 48.699990674807886
4918740 48.89999516839726
4928799 48.99999741519195
4938858 49.09999966198664
4948916 49.19999196721191
4958975 49.299994214006595
4969034 49.39999646080128
4979093 49.49999870759598
4989151 49.59999101282124
4999210 49.69999325961594
5019328 49.89999775320531
5029386 49.99999005843058
5039445 50.09999230522527
5049504 50.19999455201996
5059563 50.29999679881465
5069622 50.399999045609334
5079680 50.499991350834605
5089739 50.59999359762929
5099798 50.69999584442398
5119915 50.89999039644394
5129974 50.99999264323863
5140033 51.099994890033315
5150092 51.19999713682801
5160151 51.2999993836227
5170209 51.39999168884796
5180268 51.49999393564266
5190327 51.599996182437344
5200386 51.69999842923203
5220503 51.89999298125199
5230562 51.99999522804668
5240621 52.099997474841366
5250680 52.199999721636054
5260738 52.299992026861325
5270797 52.39999427365601
5280856 52.4999965204507
5290915 52.599998767245395
5300973 52.69999107247066
5321091 52.89999556606004
5331150 52.99999781285473
5341208 53.099990118079994
5351267 53.19999236487469
5361326 53.299994611669376
5371385 53.399996858464064
5381444 53.49999910525875
5391502 53.59999141048402
5401561 53.69999365727871
5421679 53.899998150868086
5431737 53.99999045609336
5441796 54.099992702888045
5451855 54.19999494968273
5461914 54.29999719647742
5471973 54.399999443272115
5482031 54.49999174849738
5492090 54.59999399529207
5502149 54.69999624208676
5522266 54.89999079410672
5532325 54.99999304090141
5542384 55.099995287696096
5552443 55.199997534490784
5562502 55.29999978128547
5572560 55.39999208651074
5582619 55.49999433330543
5592678 55.59999658010012
5602737 55.699998826894806
5622854 55.899993378914765
5632913 55.99999562570945
5642972 56.09999787250415
5653030 56.19999017772941
5663089 56.2999924245241
5673148 56.399994671318794
5683207 56.49999691811348
5693266 56.59999916490817
5703324 56.69999147013344
5723442 56.899995963722816
5733501 56.999998210517504
5743559 57.099990515742775
5753618 57.19999276253746
5763677 57.29999500933215
5773736 57.39999725612684
5783795 57.499999502921526
5793853 57.5999918081468
5803912 57.699994054941484
5824030 57.89999854853087
5834088 57.99999085375613
5844147 58.099993100550826
5854206 58.199995347345514
5864265 58.2999975941402
5874324 58.39999984093489
5884382 58.49999214616016
5894441 58.59999439295485
5904500 58.699996639749536
5924617 58.899991191769494
5934676 58.99999343856418
5944735 59.09999568535887
5954794 59.19999793215356
5964852 59.29999023737883
5974911 59.39999248417352
5984970 59.499994730968204
5995029 59.5999969777629
6005088 59.69999922455759
6025205 59.899993776577546
6035264 59.99999602337223
6045323 60.09999827016692
6055381 60.19999057539219
6065440 60.29999282218688
6075499 60.39999506898157
6085558 60.499997315776255
6095617 60.59999956257094
6105675 60.699991867796214
6125793 60.89999636138559
6135852 60.999998608180285
6145910 61.09999091340555
6155969 61.199993160200236
6166028 61.29999540699493
6176087 61.39999765378962
6186146 61.49999990058431
6196204 61.59999220580958
6206263 61.699994452604265
6226381 61.89999894619364
6236439 61.99999125141891
6246498 62.0999934982136
6256557 62.19999574500829
6266616 62.299997991802975
6276674 62.399990297028246
6286733 62.499992543822934
6296792 62.59999479061762
6306851 62.69999703741231
6326968 62.89999158943227
6337027 62.99999383622696
6347086 63.09999608302165
6357145 63.19999832981634
6367203 63.29999063504161
6377262 63.3999928818363
6387321 63.499995128630985
6397380 63.59999737542567
6407439 63.69999962222036
6427556 63.89999417424032
6437615 63.99999642103501
6447674 64.0999986678297
6457732 64.19999097305497
6467791 64.29999321984965
6477850 64.39999546664434
6487909 64.49999771343903
6497967 64.5999900186643
6497968 64.59999996023372
6508026 64.69999226545899
6528144 64.89999675904836
6538203 64.99999900584305
6548261 65.09999131106832
6558320 65.19999355786301
6568379 65.2999958046577
6578438 65.3999980514524
6588496 65.49999035667766
6598555 65.59999260347236
6608614 65.69999485026705
6628732 65.89999934385642
6638790 65.9999916490817
6648849 66.09999389587638
6658908 66.19999614267107
6668967 66.29999838946576
6679025 66.39999069469103
6689084 66.49999294148571
6699143 66.5999951882804
6709202 66.69999743507509
6729319 66.89999198709505
6739378 66.99999423388974
6749437 67.09999648068442
6759496 67.19999872747911
6769554 67.29999103270438
6779613 67.39999327949907
6789672 67.49999552629376
6799731 67.59999777308845
6809789 67.69999007831372
6829907 67.8999945719031
6839966 67.99999681869778
6850025 68.09999906549247
6860083 68.19999137071774
6870142 68.29999361751243
6880201 68.39999586430712
6890260 68.49999811110182
6900318 68.59999041632707
6910377 68.69999266312176
6930495 68.89999715671115
6940554 68.99999940350584
6950612 69.09999170873111
6960671 69.1999939555258
6970730 69.29999620232049
6980789 69.39999844911517
6990847 69.49999075434044
7000906 69.59999300113513
7010965 69.69999524792982
7031083 69.8999997415192
7041141 69.99999204674447
7051200 70.09999429353915
7061259 70.19999654033384
7071318 70.29999878712853
7081376 70.3999910923538
7091435 70.49999333914849
7101494 70.59999558594318
7111553 70.69999783273786
7131670 70.89999238475782
7141729 70.99999463155251
7151788 71.0999968783472
7161847 71.19999912514189
7171905 71.29999143036716
7181964 71.39999367716185
7192023 71.49999592395653
7202082 71.59999817075122
7212140 71.69999047597649
7232258 71.89999496956587
7242317 71.99999721636057
7252376 72.09999946315526
7262434 72.19999176838051
7272493 72.29999401517522
7282552 72.3999962619699
7292611 72.49999850876459
7302669 72.59999081398986
7312728 72.69999306078455
7332846 72.89999755437393
7342905 72.99999980116861
7352963 73.09999210639388
7363022 73.19999435318857
7373081 73.29999659998326
7383140 73.39999884677795
7393198 73.49999115200322
7403257 73.5999933987979
7413316 73.6999956455926
7433433 73.89999019761255
7443492 73.99999244440724
7453551 74.09999469120193
7463610 74.19999693799662
7473669 74.2999991847913
7483727 74.39999149001657
7493786 74.49999373681126
